7.39475777983119
1.52054493027169
-0.0237874375905167
4.3722547303045
6.59103943792676
1.41297754437506
7.15764047985338
-3.71504924323512
-10.5315337967498
-4.98194819896155
-2.49769990527937
-2.02693199335583
3.50604516962239
-9.60280130741599
0.190138685785445
1.62278711882383
-1.8137353103056
5.08557468150932
4.83972691923728
-3.4338849429824
-0.806220050105799
-2.3038740958962
2.03826099970558
-0.122036165148125
-8.47954645280171
2.55906275254089
1.04012639223284
-3.42156827250189
6.87462202425043
-2.48456712395219
1.35084828306596
3.29356904496692
4.94080116055553
-1.66086625891986
-2.18070421839729
3.1932439068471
0.753378037790832
-5.22972540919401
3.23018238540208
-8.76645187493835
4.82248636550105
3.65201339866138
1.82081961596991
4.76652248121976
-3.82518625087333
4.67088942004543
-3.26661066079332
-1.93554947939011
1.71667908649546
1.4935156552284
-5.6046201535721
-0.647064506616114
-5.28943429377942
0.495097978796054
-2.43259795708271
7.99563727799295
8.29551296666377
5.18751995109699
-5.01609232569255
-1.3953402558202
-4.61366302308061
-1.74353239454153
5.50611351831375
-3.71915736306702
0.160151304712945
5.75886086745167
-7.29170106957076
-5.42052180099129
4.37634790385478
-4.47177704213856
1.55837340732951
-2.21490687266399
-2.39870050411977
-4.13727607847088
-0.436856036103469
-9.37204377603886
7.94841042192261
0.15356025907407
-6.644182502576
-6.10309833281188
2.8935307581427
3.67842326239166
-6.91270506383254
1.43236792484538
-7.19932667677156
-4.4433053483022
2.23673700718307
-1.3274660893918
3.54937466111971
-5.13515944108121
-1.40375488214874
-10.0465136185035
-3.04014108628234
1.95105246065276
-1.6568986985016
4.77603934506108
-1.15511869527799
-0.376159641108156
8.25830750932013
-2.78531516035977
6.05616562523968
-0.147027066220002
-0.764816832004488
0.745254210897841
-1.65814151933749
-2.94256799561008
1.76995548221056
6.90123752390254
4.77921017727555
-6.3750063123499
-1.15493530674274
4.63995531914716
6.70886204003672
-2.752461423856
-4.33167405955037
-7.77669153111062
-8.89101006912141
-14.3722610776361
-1.50771371429141
2.53929540266183
4.5758087943457
7.03356830949477
3.47870689469013
-4.53179654804859
-1.72537119362334
-1.17706901607834
1.74034864832143
-11.9033984600271
2.6932928585522
2.39115933501733
-4.31496579220811
8.33247226981969
-0.183681039206206
4.75972623708332
-6.05112234002215
1.39647977971277
-0.313378790543517
-5.63073122684865
2.65226962544736
7.61594226095598
11.7882206704508
-11.4058500034911
4.45988957900416
7.76410070416423
2.57339449869763
-6.66961875389482
4.03207769097684
-4.96466387086833
-4.68126761005807
-8.42372985023348
6.68644305033353
-3.47117082543278
6.01525926953824
3.63793448634193
-0.427663863398543
-1.45553739275347
-1.94843164760185
-2.48778468141421
1.01737397035528
-4.02350096297688
6.99102535832182
-2.84971637260672
2.39071689746311
-0.792236748418754
-4.03126803405026
-4.69304166844913
2.38746300554782
6.1683138396149
-2.35598679491013
-0.908987976011542
0.267648013295634
-2.57623444680332
2.84353650080089
9.90853304115597
-4.83683815838939
-2.4505715679661
1.98468207781293
-2.02786795085269
2.74356242585417
-1.11904297403165
3.35502976432506
2.59180164562125
-2.67350169365851
8.8534022234575
-3.87021136314921
-4.03247797247951
3.94172415577311
-2.06808497467844
1.89922481383381
-6.47073025672438
0.834778054799531
-15.695757623448
5.01363967636275
-4.36248325989901
2.68400463565327
9.98742614640878
-4.90055376481339
-2.96645044023404
0.0166444350041299
-2.3691245259396
-4.056530415209
2.54194182488187
-3.15547239146392
0.827902920936052
2.26356888117367
6.76488166606044
0.00676269357504861
-7.74031554356273
3.23283646463922
3.34869811975771
2.56262946792691
-0.721694665554489
3.90604050508597
9.6847316830962
5.25057615149336
-0.317930431883299
-0.49742232608998
1.43785987379445
2.7392693654047
6.27633058142209
0.620130523173457
2.96198646478342
-11.2288065414073
6.54274572275418
-0.288040277237225
6.54500074622237
4.55186087110956
-0.969940734505368
-1.49922784321455
-3.24012081734317
8.44170523413277
-2.33403626819295
10.895886438578
-5.31999630184663
-1.83781662161392
-1.27853120620884
-4.69606479211851
3.08611717609894
-3.76468348799684
-10.3600571329978
-1.55837881569079
5.33232605147569
2.28064789900436
1.17570542387559
-9.51224885807784
-5.32465090453328
-1.09443714524203
-0.460264504941295
-1.61648650613108
-5.219068692569
1.72162572222383
-0.976838657362266
-1.27826612986717
6.32010869568764
7.14950718194436
-7.6335981210999
-2.0487632857837
-11.7874412297417
0.901952549407676
0.87619648765441
7.2631639695435
0.649557670588658
1.56764404853221
-4.86192927447844
-2.22262796142353
3.44392316283832
1.6541391226303
-2.25853998574427
2.54335954002084
-0.701922435294091
-5.70890984008554
-5.8489802072907
0.921683800285467
8.45223990730327
7.72890058060389
0.615858424448555
-4.62934858513751
-3.77746568485226
-2.03543418653394
1.44472305259441
0.523560981373369
6.98127753365064
6.75995270856834
-4.69539978930427
1.80112743680313
-6.28815286480466
-3.32003671724636
2.80996654205268
4.47339147286618
-0.321441135578618
0.362982565092134
4.92304916774325
2.82996902775237
-1.83933578559918
7.21294147630406
10.0230707717817
-7.24707188116007
7.7599382163004
2.68471879662575
3.70917399930736
7.67989569088384
-9.70903108608755
-4.01448531084977
4.82241565474031
-0.150769700815953
-2.53382840039143
3.58490420138722
0.28001357438385
5.37613314922113
0.0386821835597215
0.14750452520473
5.85694085807438
1.03449379462357
5.05526769969978
-2.66832253957931
-3.74349498217199
-5.24394014282695
-0.225917829123327
-4.27410171474375
-0.508079411236656
-0.0401232449433311
-0.151079819806524
-1.61793827803232
-8.02675851267355
-5.03933529845922
9.85837935856273
-0.166525042124792
-3.63591798648939
10.08796120725
3.68305370903754
-1.20347895639183
4.46289022461732
-4.29776992568901
1.4775642652418
9.38098688817113
-4.01531002774307
3.50466354544747
-3.44148081909872
-1.2385892925503
6.65255226814626
-0.308200056213247
-2.02310323762029
-0.944881916713195
1.0004456176326
-1.90936818160104
-2.78753995165468
5.88197951756452
-4.88094756327922
-8.01404876029538
2.93432542890984
7.32082215838667
-8.13991050740081
-2.11201706173223
2.95303002554647
3.12453824548776
6.75026240843017
0.415604567589218
3.22171568131379
2.17560384353558
4.87794160786432
-7.38447538782595
3.23206380057824
2.85778895167288
-7.40345006606696
2.12965823802258
-2.03461452126712
-6.99026991794591
7.36365596960478
2.89563704243051
2.68614954380739
-1.52355532099632
2.08634740860179
5.30491696355849
-2.34044812081752
2.87227985476787
11.1336094831555
-1.49866723955394
-5.60077306536258
10.2517873025105
-7.72738433795904
11.9958600584845
-8.00590176584936
3.67150902423256
3.22248142329543
3.22794294590716
11.7687047125574
-0.12111278466642
-1.06976676081172
-1.76366123237388
-1.97247591831794
0.315206101560135
1.83100909383803
1.83992355738762
-0.343774142218752
-1.47592510908512
6.78106978847779
-2.30802618882491
2.90289576481203
-1.1118746636268
-1.04346088183476
-5.12094061746396
3.80663045208325
-6.00396922420973
-2.84193366465812
1.31967300951366
2.4376261747767
-1.07344357599136
2.82539411830934
-5.62199618387669
-3.80753965731177
6.82806137803495
0.154978697491077
-6.78873110433461
-2.67943660968367
-1.7323433895599
5.16585924483086
-4.09806675921044
4.39907033058037
-11.1085442260741
2.32117787106233
5.37104457555079
-1.72351287152378
0.90585404333301
1.79132237860503
-0.187611759472404
3.31349046522227
6.7447128030031
-9.95041199152675
-3.8850095787277
5.45421862495768
-1.2286097373357
4.99482323194126
0.205352324194776
-5.36261739988796
5.18670009754309
2.84342471554502
-3.58711967615951
0.884650318691041
-5.23007981044131
0.178195895651515
0.181868887649826
0.440158061339534
-2.1122542733697
2.74695260726443
1.33511276793922
-2.19511856694931
2.65210096850611
-6.24864345061371
-0.863384092665905
-11.0564598902395
3.83080834056266
1.27261043929564
9.12392360461165
-3.93793795173542
-1.23376027983686
-4.25145251226246
7.80036389482062
-5.11534904794372
-2.95478797318391
0.613283799798156
-1.9597807148641
3.67180988466703
-9.85000742113823
2.41568437845381
1.45427613722408
4.30365532285125
-3.95079765113523
3.23647941484214
7.1423316728317
0.931671395187085
7.33829770668522
0.620108913324701
-4.98840570844712
-7.38884808382614
-0.663669118852807
-4.49652206053187
3.98839383518991
3.42304558583122
2.27370720760957
4.820332637092
1.27533050019264
-1.19273554425913
-6.8189678584644
6.57017908410606
-3.46483008856144
5.29971510638251
-6.60692270155306
-4.52864343839907
-3.74596262156967
-4.37184784947322
-3.95417424314203
0.556539499506575
0.341388823628989
-5.12071871538514
-3.07400319302606
-6.56134687727103
-2.14940146384558
-8.73684374181264
3.6933496557431
-4.58153309939891
-7.26271476859295
-1.94746168558951
-2.58414996617696
8.86490978425337
0.0442569984180264
0.428082924957106
9.58552183545399
-2.39307887647614
-8.49533409742868
2.34071131725358
-2.95772960436443
-8.27920743251795
-2.50847774856571
-15.6122824173554
-5.24085009582122
0.453418025996525
1.593754685025
6.15409499404379
3.93771019454735
5.92595809811251
-3.82285341453521
-5.39177891020396
-5.10351695312478
4.30728004151916
-9.1848595200205
-0.16108276601465
1.94237580914536
3.59618860854402
-2.36537170777185
6.67950253140483
-2.60156655177636
-5.22328053125327
1.6447395148933
5.78234914013008
3.45591644032007
-5.1919030593343
-1.70917250652414
10.022635941097
-0.400883329413891
-6.44715943615489
5.61153232078498
-2.04023306123874
3.60479588296647
1.41844558150947
-4.74302974655436
-6.26438889142374
3.19290275308397
-7.96470010421428
3.22855545020216
-2.7587518688943
-8.14101962578632
-6.45960846568813
-8.3248676516547
-5.44712615774827
1.80616154394065
-2.27710244533956
-8.41125194650126
4.55523947899955
1.24752088185478
4.70676442294026
-1.44285964093589
7.50675316565722
2.98368695316042
1.06854108206514
-6.90674957220577
-6.60569112988184
-1.73192801868796
4.76587425642642
0.508112775618299
-8.41352319620214
-1.8059166680794
-2.96581280434259
0.000163854948925536
-5.34175829459777
1.40548116880658
0.0540820614136254
-2.14950553949964
-7.70436759105485
9.98971455214833
2.95736543762342
4.46616311779615
-3.6173427239197
-1.88353178767011
-2.96162369857765
-8.40346242440008
-0.598108331995796
1.92204319012455
-3.80968317794653
-1.16141684060664
-0.864512972493951
-2.21660851901557
-4.90547685249639
-2.15046050048168
3.38040240572859
3.04751941785811
-3.43574002003517
-2.97061725378916
7.04516822741612
2.59942327676751
-0.00197939192516344
3.31332857513314
0.491766157265236
5.1638356643066
2.66897539033837
-5.69024418622806
1.89046993062502
1.5902116637035
9.17092757236015
-0.734066493020745
2.15304438215854
0.963499407258228
-0.994289493186733
0.0688845455308862
-4.05632647928329
1.04080276762227
-0.514865333959337
-6.82520958286805
6.62706796816446
-5.62083618045923
0.956309374554259
-8.07727367785713
-3.31063435542838
3.43949254239547
-1.06877764596454
11.386431445253
-2.79231768518944
1.40620543433275
4.24947755532246
4.591102157815
3.68122842159179
-2.13049496969553
-7.7477470258293
-2.96515689415347
-4.81198430203861
-4.49138005585225
4.55799380513917
6.36015477747472
-7.9677732084328
8.15571633750117
-2.89684406666369
-5.02776267274759
2.70865823987946
-0.703913434133261
9.7042914453122
0.380583453643076
2.14988792669753
-8.16570138121403
-8.04240061882029
-3.92672299163994
13.6490334207507
-1.31854299598263
-3.09008209401259
0.417310872273243
-5.23759559505216
-2.74698056499409
-7.95179781003036
-0.385266001373191
3.57644322163637
-8.48438221141036
-5.5694793050813
0.907979863022203
-1.36116083952346
-2.09900765419962
3.37725506940187
-6.81914993532344
2.86898984929953
-2.42222215156447
2.18302991268025
-1.15497641704459
3.36553041613275
-3.08225083791168
-2.05220894712579
-7.27590811354733
-0.667356036796384
-7.2217169091642
2.58124509758242
-0.441381296451787
4.69151142478435
-1.92396485956231
-1.52918728363942
-2.1821575336855
0.303705756417495
5.36397913620453
1.87236379560969
-0.273407052518675
0.274687543212926
8.23357494015225
-0.183834955013267
0.163782937312882
-5.37458113497242
3.61183512689852
1.14646383704732
-5.23663691635651
1.82408036896844
1.22486710337274
10.2219473622885
-6.87830057919666
-2.1218064070609
-0.657460104368267
0.0578147503760168
2.52631719703836
-2.39039766770504
0.0549444579962602
-6.28919317679606
4.41166001914648
-2.85787994823984
4.06037870890594
-6.74112418399226
-3.80940256124941
0.630008774516058
-5.18246472407769
2.47622210612071
-5.96556446209223
0.14119975117121
6.42364226527952
1.78783294925972
-6.63760504234244
-1.59976633801896
1.48810227604825
6.10007219408425
4.06155117675804
1.94118692086997
-2.38554527999171
3.54291401846364
5.97748628575069
11.5551266300192
0.958525706944908
1.70032226400684
2.13616695032038
1.75222148653016
0.51290877185952
3.81646132802381
-1.45005914139025
4.89323208131143
1.16107079839006
0.24746463242171
-0.487871056448945
-3.64489294729834
-10.6109656208563
-9.87908207551078
2.48481427054597
-3.19551069841496
7.36809346198897
0.742211289890308
1.24531622867974
2.69796041774213
3.25926950857941
4.36805691505023
-3.03217264439559
3.81048816961491
2.68318728440631
4.21474935357935
0.327648911736696
5.55222501370749
-7.82144659712164
12.7730027872119
6.1447692984076
6.86229903136595
-1.43247468428578
3.27200387095086
0.800471017899514
-6.56500934430237
4.20463825476512
5.09078083517873
0.141777557828759
-0.603079147000366
8.18277461551728
-8.7411076985172
-1.53069832819066
-2.33663005583033
-5.92073237738197
-3.80860469451581
-8.18058797798829
9.22676980307296
2.50331866280988
4.1940120915117
0.0299883291613812
10.2324348499885
1.59544989215273
0.479856118083317
3.32209686759539
-5.76272373686037
-5.88400884869296
1.97537437789337
-5.91231966708294
4.84950775791538
1.42299810870832
-4.13637463065194
6.29032125725119
2.79838640521881
-7.55891066433351
-10.4111925370801
7.79987161193233
-0.96059997130118
-2.4414197470642
-2.02463158881104
7.82832539773368
2.38794454194595
0.0867508951735691
8.55721768080425
-7.0492149185168
2.05129978278542
1.41305835515163
-1.47427376037503
4.37917401970408
-8.70987725084507
2.17611917853211
-1.10352005229185
3.62729433589178
-5.534839995922
10.2765415428716
0.851473729198063
4.47526881962963
4.03594792443288
-6.24719935340375
-2.9288740035969
7.05258651543287
-2.73489497670062
13.4406779286534
-0.473562734254351
1.65863731992911
-3.2409870238947
8.54321283418299
-5.5852652991411
-2.73125581367185
-3.40506819842578
2.07491856846725
6.25507711019285
-5.19113449498184
0.50432254345137
0.655441468781497
13.8984309385853
3.00916102343997
-7.42320604888372
-2.24350757289365
-5.93475230766746
5.62186848668106
5.23251162860117
0.42957367229024
5.18851094732809
7.86263932447585
3.61003532706766
1.57053562648525
-3.24930297128837
-1.66178013162066
5.6318929364985
10.9258943494121
-4.16277732898488
1.93601956461519
1.22404051709063
13.5581001168291
-1.17105389837922
-1.99639778676987
-1.09780153283125
1.35043781902309
-4.89106672802814
-9.16771507164681
5.64520571075889
1.4314358570048
0.207742253101806
1.42275641746989
-4.73199023257283
-1.62705923950664
-2.26428160367631
1.50758070495569
2.95998615526656
0.0541311585400638
-3.97578640154727
8.234134609684
0.657916581120895
0.211131248873101
-0.599626371867714
1.68801423283685
-0.632230345819986
4.27940944202911
-0.161031445405298
-0.348658252601263
6.21113626117393
5.12930243353995
-1.63571892562512
-7.26206473628712
4.84480635415376
-2.41065874049895
-1.16799259895716
3.33349002468874
-1.50896270963591
-3.93993026137804
7.31889500663054
1.60059682837846
-6.74719529642935
1.18560373062234
-3.12974825005898
7.22609673047013
5.21725117593716
9.64144909210289
-7.45109437562819
1.02358292993446
-5.17813515944414
-7.28106060626621
-2.54620936178613
-1.25557044032063
-0.444707509626098
-4.98560098610668
7.5057977229488
-13.6862078606526
-5.75722458563871
-0.104840793257845
0.571706837082088
2.87971167774754
-1.75781326200318
-2.90672096521723
5.45461252549623
7.92231179775292
0.366856882846644
1.57756994615099
1.15507646271211
1.12415865755403
2.97370420962896
-6.54793534348133
3.72146324656562
-0.112791985803944
4.96159767468266
-6.30591748937589
-4.29060792673894
-7.43720551740511
-3.3985969877889
1.34782259359164
6.79691006669255
-2.02021422178825
5.8827948020051
1.96180905046663
-2.33682095548104
-0.170763556461724
8.95319613575151
0.172969028990202
-2.16372092388456
-1.27289911269128
-4.52236796374694
-5.22368827811528
-2.15653186471272
-2.14477736991262
-4.02784883704892
1.80524893665972
4.14005387234543
-1.28373688681249
-2.71772341044674
4.77376039837605
-5.66857312259309
-6.4415633381305
-4.25985147403131
1.50162461918024
10.3616240053053
-5.01983336705029
-3.18936713557584
-4.66479248766616
-4.88631547912871
7.44802719792462
7.78318776008575
-5.01640474051055
0.874072407660428
9.26352041853695
-2.41287707755848
1.72018657651022
3.77185339999064
0.725234137532756
9.62821961439623
-6.67713812748994
2.6951627172446
9.01871189390983
2.6319635750897
7.82557092901701
-9.0378647095256
-3.48666436958456
2.08286189270042
-4.62928830012316
-5.67955708760229
2.49002097806317
-6.10863172248324
-3.62398524325456
3.1162574823608
-3.44682549657546
-1.02830093225705
-2.88520806730625
1.02623621629145
-6.94983292833848
-2.72192606289918
2.96523566546677
-0.7641687125252
-6.36898082942516
0.922324599407529
-3.10140718870719
-0.400118068872407
9.15168686172053
-4.18358083903277
-9.8803945206164
-2.71376902282807
-0.169260258570417
1.67729513663777
4.01898318116287
-2.4094420234438
